0 8
0 13
0 24
0 37
0 40
0 41
0 42
0 51
0 53
0 55
0 57
0 58
0 68
0 79
0 91
0 95
0 96
1 4
1 7
1 8
1 10
1 15
1 24
1 39
1 49
1 55
1 58
1 68
1 75
1 76
1 77
1 80
1 89
1 90
1 95
1 96
2 11
2 21
2 25
2 27
2 29
2 30
2 33
2 35
2 42
2 43
2 48
2 52
2 54
2 59
2 61
2 77
2 87
2 92
2 97
2 98
3 10
3 11
3 14
3 15
3 44
3 53
3 54
3 55
3 57
3 73
3 76
3 86
3 88
3 89
3 96
4 8
4 16
4 17
4 22
4 27
4 28
4 30
4 36
4 41
4 49
4 57
4 64
4 67
4 71
4 82
4 87
4 96
5 9
5 10
5 19
5 22
5 30
5 41
5 46
5 47
5 50
5 57
5 60
5 61
5 63
5 70
5 71
5 75
5 80
5 94
5 98
6 8
6 9
6 11
6 14
6 17
6 18
6 19
6 30
6 31
6 35
6 43
6 65
6 67
6 72
6 74
6 80
6 81
6 85
6 87
6 88
6 93
6 94
6 96
6 98
6 99
7 8
7 13
7 20
7 30
7 32
7 33
7 39
7 55
7 58
7 66
7 83
7 87
7 88
7 92
7 93
7 97
7 99
8 10
8 12
8 18
8 23
8 28
8 33
8 35
8 41
8 56
8 58
8 60
8 61
8 62
8 68
8 79
8 81
8 85
8 93
8 96
9 11
9 16
9 28
9 30
9 33
9 36
9 38
9 48
9 58
9 63
9 67
9 71
9 74
9 77
9 83
9 89
9 96
9 97
9 98
10 24
10 25
10 36
10 52
10 65
10 66
10 68
10 73
10 76
10 77
10 80
10 91
10 95
10 96
11 18
11 25
11 31
11 37
11 44
11 58
11 59
11 60
11 61
11 72
11 73
11 76
11 86
11 89
12 26
12 28
12 29
12 30
12 34
12 35
12 39
12 41
12 46
12 48
12 54
12 55
12 57
12 58
12 59
12 63
12 65
12 67
12 69
12 70
12 75
12 80
12 86
12 87
12 93
12 96
13 15
13 21
13 23
13 32
13 33
13 40
13 45
13 46
13 47
13 50
13 55
13 57
13 58
13 63
13 68
13 71
13 79
13 82
13 86
13 87
13 90
13 97
14 23
14 27
14 32
14 37
14 38
14 51
14 55
14 58
14 66
14 69
14 71
14 72
14 78
14 80
14 97
15 16
15 17
15 18
15 19
15 24
15 26
15 33
15 83
15 89
15 94
15 96
15 98
16 22
16 26
16 35
16 40
16 41
16 47
16 48
16 49
16 50
16 61
16 62
16 63
16 65
16 66
16 67
16 83
16 86
16 88
16 89
16 92
17 26
17 28
17 30
17 38
17 39
17 42
17 57
17 62
17 64
17 66
17 67
17 74
17 76
17 79
17 82
17 84
17 89
17 95
18 23
18 25
18 27
18 29
18 30
18 31
18 32
18 40
18 43
18 50
18 59
18 60
18 61
18 67
18 74
18 76
18 86
18 92
19 21
19 25
19 27
19 28
19 32
19 49
19 54
19 56
19 58
19 59
19 62
19 64
19 68
19 69
19 74
19 75
19 76
19 78
19 84
19 87
19 92
19 99
20 26
20 29
20 30
20 33
20 35
20 37
20 39
20 48
20 49
20 51
20 55
20 60
20 69
20 77
20 80
20 84
20 85
20 91
20 93
20 99
21 27
21 38
21 43
21 60
21 62
21 71
21 78
21 81
21 82
21 84
21 87
21 89
21 94
21 95
21 98
21 99
22 27
22 28
22 33
22 37
22 46
22 49
22 55
22 57
22 63
22 66
22 72
22 74
22 83
22 85
22 93
22 96
22 98
23 25
23 26
23 43
23 46
23 47
23 57
23 60
23 77
23 81
23 93
24 28
24 30
24 34
24 38
24 44
24 45
24 48
24 53
24 56
24 60
24 62
24 69
24 82
24 89
24 96
25 32
25 33
25 34
25 42
25 53
25 54
25 55
25 62
25 65
25 73
25 77
25 84
25 92
25 96
26 27
26 32
26 34
26 40
26 42
26 46
26 52
26 57
26 58
26 59
26 68
26 72
26 77
26 80
26 90
26 93
26 96
26 98
27 33
27 35
27 36
27 40
27 48
27 52
27 55
27 56
27 60
27 64
27 71
27 83
27 84
27 87
27 88
27 93
27 96
28 31
28 40
28 43
28 47
28 49
28 53
28 55
28 68
28 86
28 87
28 88
28 89
28 95
28 96
29 33
29 39
29 40
29 54
29 56
29 62
29 76
29 79
29 80
29 81
29 84
30 38
30 42
30 45
30 50
30 60
30 62
30 65
30 66
30 67
30 72
30 73
30 78
30 80
30 91
30 94
30 95
31 34
31 45
31 47
31 58
31 59
31 62
31 65
31 66
31 67
31 70
31 76
31 82
31 84
31 89
31 91
31 95
32 37
32 38
32 44
32 49
32 68
32 73
32 88
32 90
32 92
32 93
32 95
33 40
33 43
33 45
33 49
33 50
33 54
33 62
33 64
33 77
33 79
33 83
33 86
33 96
33 97
33 98
34 36
34 48
34 49
34 58
34 68
34 81
34 83
34 88
34 89
34 98
35 44
35 51
35 54
35 76
35 84
35 85
35 91
35 97
36 38
36 66
36 68
36 70
36 74
36 76
36 77
36 83
36 84
36 88
36 89
37 50
37 56
37 58
37 61
37 66
37 76
37 81
37 94
38 42
38 43
38 47
38 48
38 51
38 57
38 58
38 60
38 64
38 67
38 68
38 69
38 70
38 75
38 87
38 91
39 45
39 49
39 51
39 53
39 55
39 57
39 58
39 60
39 69
39 72
39 80
39 84
39 96
40 47
40 54
40 55
40 59
40 71
40 80
40 91
40 95
40 96
40 98
41 46
41 47
41 48
41 52
41 68
41 71
41 76
41 77
41 92
41 95
42 48
42 52
42 53
42 57
42 58
42 60
42 61
42 64
42 66
42 67
42 69
42 70
42 79
42 86
42 96
42 97
42 98
43 45
43 53
43 55
43 57
43 62
43 63
43 64
43 73
43 86
43 87
43 92
43 95
43 98
44 48
44 55
44 57
44 58
44 59
44 64
44 71
44 72
44 75
44 81
44 83
44 92
44 94
45 49
45 50
45 51
45 53
45 55
45 62
45 66
45 71
45 78
45 86
45 95
46 52
46 53
46 55
46 65
46 68
46 75
46 84
46 88
46 95
47 57
47 58
47 60
47 64
47 72
47 77
47 89
47 90
47 92
48 54
48 55
48 66
48 76
48 78
48 80
48 85
48 87
48 91
49 59
49 60
49 73
49 76
49 78
49 87
50 52
50 54
50 55
50 68
50 72
50 74
50 89
50 93
50 99
51 55
51 85
52 57
52 65
52 67
52 74
52 90
53 62
53 65
53 71
53 76
53 89
53 93
53 95
53 99
54 61
54 68
54 70
54 81
54 87
54 94
55 57
55 68
55 72
55 77
55 92
56 60
56 67
56 71
56 74
56 81
56 95
57 58
57 59
57 63
57 66
57 72
57 86
58 69
58 70
58 83
58 89
58 96
58 99
59 62
59 67
59 78
59 82
59 84
59 94
59 95
59 97
60 63
60 75
60 86
60 87
60 88
60 94
60 99
61 71
61 72
61 76
61 84
61 89
61 91
61 95
62 65
62 70
62 79
62 85
62 90
63 72
63 74
63 77
63 81
63 90
64 67
64 69
64 70
64 73
64 74
64 76
64 85
64 87
64 90
64 96
64 97
65 67
65 81
65 83
65 87
65 90
66 67
66 70
66 90
66 93
67 94
68 69
68 74
68 77
68 79
68 81
68 82
68 87
68 88
68 89
69 73
69 76
69 79
69 82
69 83
69 85
69 88
69 90
69 92
69 93
69 96
69 98
69 99
70 77
70 82
70 86
70 96
70 97
71 73
71 80
71 83
71 87
71 91
71 93
71 94
72 77
72 83
72 88
72 90
72 96
72 98
72 99
73 77
73 82
73 83
73 84
73 88
73 96
73 99
74 82
74 86
74 96
74 97
75 87
75 89
75 99
76 81
76 82
76 91
77 83
77 84
77 87
77 89
77 93
77 98
77 99
78 80
78 81
78 86
78 89
79 81
79 82
79 85
79 97
79 98
80 81
80 82
80 83
80 88
80 94
81 85
81 88
81 89
81 92
81 97
82 84
82 87
82 91
82 95
83 84
83 85
83 97
83 99
84 86
84 96
84 98
85 90
85 91
85 94
85 95
85 98
85 99
86 88
86 98
87 93
87 94
88 92
88 95
89 94
89 98
90 91
90 96
91 95
91 98
92 93
92 99
93 94
94 95
95 98
